4x3
[[[0 0 0 0]
  [0 0 0 0]
  [0 0 0 0]
  [0 0 0 0]]

 [[0 0 0 0]
  [0 0 0 0]
  [0 0 0 0]
  [0 0 0 0]]

 [[0 0 0 0]
  [0 0 0 0]
  [0 0 0 0]
  [0 0 0 0]]]

2x2
[[[106 132 100   0]
  [118 149 111   0]]

 [[ 94 119  91   0]
  [130 163 120   0]]]

  [[[2.20476439e-316 0.00000000e+000 0.00000000e+000 6.92152587e-310]
  [0.00000000e+000 0.00000000e+000 0.00000000e+000 0.00000000e+000]]

 [[0.00000000e+000             nan 0.00000000e+000 6.92152587e-310]
  [0.00000000e+000 6.95250701e-310 0.00000000e+000 6.92152587e-310]]]
